 1772 1  1
cluster file from TAD2; meaning encoded in file name                            
         42.24000000         42.24000000         80.00000000
(3f12.6,i2)                                                                     
   14.070733   -0.018744   11.229159 1
    7.061628   31.637162   11.234671 1
   36.970400   22.855719   11.261227 1
    8.820264    8.779004   11.228074 1
   38.611686   21.044760   11.242857 1
   24.691961   21.096370   11.269386 1
   29.919800   36.960300   11.195330 1
   22.943066   19.375542   11.273483 1
   17.585929   31.662927   11.228865 1
   28.177425    0.023809   11.227982 1
    5.299858   22.893631   11.282779 1
   10.541659   28.122698   11.270969 1
    3.522369   14.078139   11.198458 1
   15.842851    8.800981   11.196397 1
   40.448904   15.879601   11.234079 1
   10.497930   24.683288   11.279725 1
    3.602778   21.122752   11.243852 1
   24.647152   17.631010   11.267513 1
   10.540093    7.058853   11.230201 1
    8.774205   36.980273   11.235565 1
   28.081961   21.124262   11.240085 1
   31.681702   14.070664   11.197896 1
   17.601391   24.638520   11.197769 1
    8.770852   22.904870   11.289260 1
    7.058072   24.633927   11.286644 1
   -0.000937   31.675727   11.199907 1
    7.034772   38.717013   11.259553 1
    5.295716   40.454191   11.233712 1
   15.863724   29.945041   11.231658 1
   40.478260    1.761467   11.195030 1
   38.751809   17.643654   11.232052 1
    8.795638    1.769364   11.200788 1
   38.714893   35.206361   11.198279 1
   12.350838   40.501066   11.231723 1
    7.007710   21.160809   11.272877 1
   35.287290   21.106949   11.239605 1
   31.661403   31.658498   11.228583 1
   29.899968    1.742533   11.226747 1
    8.773802   26.421216   11.284512 1
    8.778091   29.862076   11.265940 1
   26.388650   19.354237   11.278561 1
   17.618687   17.578664   11.228975 1
   29.937551   29.941653   11.228067 1
   19.336341   15.855012   11.231852 1
    0.017653    1.763585    9.572307 1
    0.004219    5.288098    9.571438 1
   -0.003806    8.798397    9.570542 1
   -0.003745   12.309538    9.575209 1
    0.009385   15.839614    9.582748 1
    0.008328   19.365240    9.578092 1
   -0.002014   22.879404    9.579636 1
   -0.002692   26.406851    9.571384 1
   -0.001429   29.899766    9.572423 1
   -0.000245   33.453199    9.573852 1
    0.000815   36.964766    9.570727 1
    0.007194   40.476923    9.571479 1
    1.758862    0.000667    9.573492 1
    1.761022    3.529115    9.571439 1
    1.760607    7.045347    9.569966 1
    1.754792   10.553605    9.572059 1
    1.742848   14.072541    9.575497 1
    1.754067   17.601984    9.576300 1
    1.762085   21.119669    9.596451 1
    1.748256   24.646953    9.574193 1
    1.759131   28.157673    9.571120 1
    1.775484   31.678077    9.572906 1
    1.755824   35.202952    9.571028 1
    1.758199   38.714475    9.570755 1
    3.509868    1.764998    9.572066 1
    3.516043    5.285192    9.569683 1
    3.519577    8.802934    9.570109 1
    3.519719   12.299515    9.573107 1
    3.517498   15.857069    9.573638 1
    3.523181   19.340763    9.578898 1
    3.507436   22.899236    9.574188 1
    3.506031   26.402337    9.569824 1
    3.514302   29.913591    9.572642 1
    3.512488   33.446087    9.574320 1
    3.509876   36.951503    9.570326 1
    3.501354   40.478464    9.578836 1
    5.268005    0.011852    9.580902 1
    5.266081    3.522794    9.571026 1
    5.272077    7.040764    9.570660 1
    5.281440   10.559938    9.573220 1
    5.298471   14.081900    9.572241 1
    5.286678   17.595018    9.574680 1
    5.288926   21.111670    9.535632 1
    5.264756   24.661748    9.567437 1
    5.258736   28.156334    9.569101 1
    5.259204   31.679513    9.582793 1
    5.266709   35.194927    9.573858 1
    5.258721   38.699083    9.562282 1
    7.018433    1.765072    9.573123 1
    7.019364    5.277571    9.571825 1
    7.024675    8.800007    9.577160 1
    7.040424   12.320099    9.573175 1
    7.047899   15.842570    9.571846 1
    7.043576   19.346067    9.584514 1
    7.038522   22.888435    9.531740 1
    7.015393   26.417907    9.561325 1
    7.016273   29.895102    9.557659 1
    7.033683   33.445802    9.587357 1
    7.019678   36.939160    9.563560 1
    7.050920   40.494726    9.563419 1
    8.804500   -0.005130    9.572351 1
    8.789694    3.542602    9.571339 1
    8.779261    7.016676    9.559372 1
    8.800049   10.574924    9.577229 1
    8.800578   14.079670    9.570283 1
    8.807410   17.596277    9.572974 1
    8.810527   21.106377    9.581874 1
    8.792042   24.652638    9.534170 1
    8.790899   28.153040    9.535989 1
    8.821796   31.682967    9.576935 1
    8.803532   35.184112    9.582680 1
    8.812184   38.733959    9.563576 1
   10.572311    1.775367    9.572254 1
   10.566027    5.264989    9.577565 1
   10.581701    8.817587    9.558757 1
   10.561994   12.325227    9.570670 1
   10.561568   15.837165    9.570527 1
   10.567616   19.351577    9.574721 1
   10.570230   22.875125    9.585596 1
   10.570856   26.400599    9.545828 1
   10.581733   29.925064    9.582081 1
   10.571886   33.444180    9.576217 1
   10.570945   36.955221    9.581645 1
   10.557063   40.482749    9.578358 1
   12.310480    0.020758    9.559382 1
   12.328981    3.522792    9.573470 1
   12.336332    7.031393    9.578569 1
   12.322630   10.573359    9.571769 1
   12.318951   14.080562    9.569529 1
   12.322697   17.593997    9.571314 1
   12.320977   21.114025    9.575503 1
   12.328090   24.639297    9.592008 1
   12.336902   28.155657    9.582162 1
   12.326741   31.691958    9.575232 1
   12.325340   35.203408    9.572627 1
   12.324801   38.706323    9.578457 1
   14.091517    1.777626    9.577529 1
   14.086459    5.271418    9.572945 1
   14.063718    8.804460    9.572832 1
   14.074452   12.324620    9.570335 1
   14.078617   15.833475    9.571154 1
   14.074144   19.359690    9.573189 1
   14.075832   22.872423    9.576100 1
   14.079188   26.397143    9.577824 1
   14.068086   29.926299    9.580126 1
   14.077534   33.453408    9.571868 1
   14.087148   36.958657    9.571134 1
   14.108097   40.459821    9.558696 1
   15.864547    0.002900    9.577006 1
   15.853107    3.524605    9.572001 1
   15.843241    7.021555    9.572671 1
   15.839053   10.579964    9.571901 1
   15.832086   14.069872    9.570757 1
   15.823269   17.601169    9.577937 1
   15.830434   21.117478    9.574575 1
   15.822512   24.636875    9.573888 1
   15.833739   28.149938    9.579695 1
   15.824434   31.704509    9.559943 1
   15.842212   35.204268    9.571282 1
   15.854642   38.708707    9.570866 1
   17.610548    1.766134    9.572066 1
   17.611208    5.278677    9.571721 1
   17.621325    8.801310    9.572336 1
   17.600202   12.320010    9.572479 1
   17.579726   15.817567    9.559187 1
   17.598946   19.376651    9.579221 1
   17.599730   22.859799    9.573307 1
   17.603719   26.417735    9.573660 1
   17.622839   29.900696    9.559951 1
   17.607869   33.459278    9.578108 1
   17.609048   36.955162    9.570227 1
   17.607563   40.474445    9.571326 1
   19.362027   -0.000076    9.570758 1
   19.367056    3.521753    9.570397 1
   19.367777    7.037667    9.571617 1
   19.364848   10.565573    9.571872 1
   19.362501   14.059452    9.578511 1
   19.381594   17.616811    9.562426 1
   19.367695   21.122600    9.575544 1
   19.379036   24.641971    9.572414 1
   19.375834   28.156026    9.572455 1
   19.381264   31.683046    9.577868 1
   19.371589   35.203769    9.572340 1
   19.364547   38.717688    9.570520 1
   21.121066    1.760212    9.570520 1
   21.122905    5.280832    9.570283 1
   21.120194    8.802693    9.570640 1
   21.126878   12.313807    9.572576 1
   21.132087   15.826146    9.580955 1
   21.125400   19.371760    9.588168 1
   21.121271   22.883792    9.574289 1
   21.128317   26.402749    9.571187 1
   21.127434   29.917441    9.571144 1
   21.128794   33.444703    9.572282 1
   21.124258   36.961514    9.570473 1
   21.120498   40.480583    9.570722 1
   22.878770    0.001603    9.570653 1
   22.877762    3.522161    9.570193 1
   22.876987    7.043162    9.570420 1
   22.883239   10.557633    9.570742 1
   22.883635   14.067733    9.574264 1
   22.868109   17.587164    9.574294 1
   22.881733   21.143890    9.574526 1
   22.877638   24.643120    9.571408 1
   22.883030   28.160527    9.569956 1
   22.881543   31.679503    9.570336 1
   22.881555   35.202828    9.570301 1
   22.877755   38.720508    9.570425 1
   24.634048    1.766198    9.571291 1
   24.632589    5.285327    9.570003 1
   24.638709    8.798012    9.570364 1
   24.644080   12.314933    9.570847 1
   24.640829   15.822744    9.582111 1
   24.648627   19.358577    9.525349 1
   24.644800   22.900337    9.578540 1
   24.636070   26.399671    9.570072 1
   24.639395   29.919448    9.570251 1
   24.635532   33.440944    9.570017 1
   24.634829   36.961941    9.570044 1
   24.631284   40.478344    9.571984 1
   26.378992    0.000607    9.578062 1
   26.387394    3.532001    9.571109 1
   26.395585    7.039611    9.570175 1
   26.398557   10.553521    9.570325 1
   26.405428   14.073068    9.571729 1
   26.417823   17.577322    9.564555 1
   26.398079   21.132605    9.527975 1
   26.398749   24.650132    9.571950 1
   26.393477   28.154537    9.572104 1
   26.391512   31.683351    9.571082 1
   26.388145   35.201139    9.570948 1
   26.386716   38.721430    9.572998 1
   28.137622    1.783697    9.558878 1
   28.154169    5.284324    9.571349 1
   28.156739    8.794467    9.570325 1
   28.155823   12.308555    9.571703 1
   28.166204   15.830971    9.572519 1
   28.174843   19.345173    9.569981 1
   28.161017   22.904418    9.576364 1
   28.156016   26.398776    9.572543 1
   28.139707   29.919134    9.578285 1
   28.141740   33.445785    9.572081 1
   28.137759   36.962606    9.572774 1
   28.150479   40.467467    9.578445 1
   29.939798   -0.019717    9.559273 1
   29.922856    3.540221    9.577855 1
   29.919449    7.038789    9.570647 1
   29.914008   10.550021    9.571849 1
   29.903803   14.069075    9.572607 1
   29.922278   17.592439    9.574117 1
   29.923884   21.125724    9.594986 1
   29.925527   24.649880    9.574269 1
   29.914981   28.145773    9.577865 1
   29.898574   31.702896    9.559692 1
   29.914588   35.182558    9.572104 1
   29.925177   38.738011    9.572092 1
   31.698191    1.764712    9.577909 1
   31.686798    5.286763    9.572229 1
   31.679231    8.797592    9.570544 1
   31.681025   12.292274    9.573029 1
   31.680867   15.848817    9.572962 1
   31.677705   19.354728    9.577833 1
   31.681412   22.887464    9.579323 1
   31.682411   26.405301    9.572555 1
   31.699693   29.898844    9.559100 1
   31.689897   33.453428    9.578140 1
   31.701569   36.957798    9.572454 1
   31.695495   40.477762    9.571604 1
   33.445915    0.000413    9.570592 1
   33.446641    3.527302    9.572097 1
   33.442348    7.043683    9.570332 1
   33.445014   10.549396    9.571752 1
   33.459770   14.071830    9.572853 1
   33.437913   17.595859    9.573065 1
   33.435900   21.117872    9.595830 1
   33.433032   24.651013    9.574791 1
   33.449562   28.151575    9.571296 1
   33.459180   31.677325    9.577708 1
   33.453327   35.199776    9.572532 1
   33.446226   38.723113    9.570265 1
   35.201310    1.762232    9.570126 1
   35.200418    5.286281    9.570221 1
   35.203115    8.797604    9.570096 1
   35.202982   12.306994    9.571767 1
   35.199444   15.838303    9.572054 1
   35.194654   19.342739    9.568526 1
   35.182995   22.898665    9.573730 1
   35.200827   26.398133    9.571718 1
   35.204046   29.911036    9.570892 1
   35.203772   33.437459    9.572847 1
   35.197407   36.967534    9.570609 1
   35.198082   40.481611    9.569147 1
   36.954552   -0.003920    9.571052 1
   36.954473    3.527290    9.571549 1
   36.959447    7.042124    9.570109 1
   36.961650   10.554095    9.570462 1
   36.951064   14.071023    9.572435 1
   36.945335   17.600085    9.576685 1
   36.953357   21.111472    9.508685 1
   36.965047   24.652397    9.579227 1
   36.960063   28.153560    9.569952 1
   36.955193   31.672737    9.571390 1
   36.939566   35.205562    9.571408 1
   36.951971   38.725954    9.570715 1
   38.698932    1.761360    9.572356 1
   38.714026    5.286001    9.571612 1
   38.719936    8.797340    9.570455 1
   38.714865   12.315093    9.573201 1
   38.696049   15.833065    9.569425 1
   38.714367   19.354871    9.528633 1
   38.740635   22.881578    9.579347 1
   38.724180   26.401503    9.572305 1
   38.712653   29.912922    9.571443 1
   38.712328   33.426057    9.574235 1
   38.717542   36.984700    9.572300 1
   38.714079   40.476113    9.571194 1
   40.479895   -0.019520    9.572876 1
   40.479097    3.542585    9.572858 1
   40.478528    7.039449    9.570358 1
   40.476066   10.556426    9.571410 1
   40.477642   14.067610    9.586055 1
   40.501639   17.621618    9.551929 1
   40.480100   21.110276    9.597768 1
   40.486652   24.646349    9.575543 1
   40.474189   28.158227    9.571937 1
   40.461341   31.673735    9.574040 1
   40.491953   35.205944    9.573078 1
   40.484600   38.726966    9.571109 1
    0.000436    0.000154    7.810706 1
    0.000472    3.524062    7.810638 1
   -0.000508    7.042096    7.807921 1
   -0.002507   10.557959    7.808755 1
   -0.005369   14.076304    7.811721 1
    0.008963   17.599785    7.804108 1
    0.002176   21.121000    7.815291 1
   -0.001255   24.641059    7.810324 1
   -0.002558   28.157183    7.804587 1
   -0.002608   31.678682    7.833460 1
    0.000611   35.204299    7.803304 1
    0.000634   38.720064    7.806560 1
    1.761812    1.762073    7.805557 1
    1.758948    5.284041    7.807156 1
    1.758256    8.800610    7.807813 1
    1.757287   12.316415    7.811239 1
    1.760015   15.837336    7.810388 1
    1.760184   19.361325    7.813254 1
    1.753479   22.879471    7.812907 1
    1.753935   26.401699    7.805549 1
    1.757544   29.919327    7.808518 1
    1.756991   33.440415    7.809236 1
    1.757700   36.959020    7.805012 1
    1.756323   40.480018    7.805932 1
    3.515621    0.000297    7.810415 1
    3.515147    3.523343    7.806498 1
    3.517792    7.042835    7.806816 1
    3.518865   10.556530    7.805851 1
    3.519903   14.078274    7.834800 1
    3.518039   17.598951    7.805081 1
    3.510873   21.117368    7.825105 1
    3.507957   24.645912    7.801858 1
    3.511282   28.160974    7.802745 1
    3.517146   31.681505    7.805081 1
    3.514349   35.196615    7.805372 1
    3.511434   38.718230    7.804464 1
    5.269445    1.763618    7.804943 1
    5.273037    5.280994    7.805573 1
    5.276084    8.801559    7.806106 1
    5.281358   12.318966    7.810446 1
    5.281636   15.840593    7.810542 1
    5.281391   19.348690    7.804574 1
    5.268654   22.885712    7.811168 1
    5.264709   26.406387    7.794828 1
    5.267071   29.921408    7.803649 1
    5.276263   33.438475    7.812591 1
    5.270131   36.950214    7.799846 1
    5.274135   40.481705    7.829217 1
    7.035540    0.007283    7.808198 1
    7.031424    3.521660    7.807804 1
    7.029647    7.039444    7.804780 1
    7.039837   10.560607    7.810628 1
    7.044451   14.080882    7.806092 1
    7.043742   17.596797    7.807830 1
    7.050118   21.109375    7.811548 1
    7.028782   24.650359    7.802610 1
    7.025960   28.160248    7.789325 1
    7.036225   31.681368    7.834177 1
    7.038189   35.191967    7.807740 1
    7.036913   38.717629    7.824468 1
    8.796991    1.765422    7.830551 1
    8.795476    5.277529    7.801519 1
    8.798066    8.800842    7.830282 1
    8.799775   12.323412    7.806532 1
    8.802830   15.839549    7.808011 1
    8.804546   19.353349    7.809897 1
    8.810237   22.873740    7.813227 1
    8.797928   26.403053    7.799650 1
    8.803447   29.926832    7.820460 1
    8.801510   33.437690    7.811880 1
    8.801346   36.955519    7.829990 1
    8.803416   40.483472    7.797132 1
   10.558349    0.005266    7.805415 1
   10.561403    3.521338    7.805950 1
   10.562941    7.036055    7.829124 1
   10.560774   10.567811    7.804839 1
   10.560083   14.080324    7.807142 1
   10.563157   17.597150    7.808657 1
   10.565040   21.114766    7.809663 1
   10.572285   24.634038    7.814011 1
   10.571481   28.167650    7.814523 1
   10.569852   31.684075    7.807293 1
   10.561133   35.199279    7.811361 1
   10.566757   38.718260    7.808500 1
   12.327885    1.769281    7.802484 1
   12.324263    5.278000    7.808678 1
   12.323972    8.800697    7.802744 1
   12.319680   12.322788    7.805084 1
   12.320394   15.838237    7.807487 1
   12.320761   19.357145    7.808850 1
   12.323144   22.877062    7.811590 1
   12.330794   26.398877    7.805184 1
   12.325846   29.922997    7.806998 1
   12.322422   33.445561    7.806737 1
   12.323644   36.956421    7.805595 1
   12.323211   40.478884    7.828344 1
   14.089107    0.002986    7.829503 1
   14.087083    3.523531    7.805344 1
   14.084851    7.037202    7.808981 1
   14.079583   10.563039    7.808048 1
   14.077919   14.079148    7.805340 1
   14.076610   17.598772    7.807213 1
   14.078296   21.117597    7.808882 1
   14.076390   24.636540    7.808035 1
   14.083611   28.160668    7.809200 1
   14.076039   31.686295    7.805159 1
   14.082596   35.203288    7.806172 1
   14.085516   38.712089    7.804988 1
   15.847420    1.762715    7.810585 1
   15.846196    5.276461    7.805593 1
   15.841384    8.800655    7.834428 1
   15.838662   12.322510    7.803554 1
   15.832938   15.837656    7.805467 1
   15.837744   19.359801    7.811779 1
   15.837326   22.877178    7.811587 1
   15.838312   26.396947    7.809904 1
   15.839152   29.921246    7.830169 1
   15.842590   33.450071    7.805416 1
   15.845546   36.957900    7.806533 1
   15.852798   40.477494    7.805487 1
   17.607792    0.001018    7.807258 1
   17.606342    3.521023    7.807379 1
   17.604450    7.039837    7.810785 1
   17.601695   10.561391    7.810089 1
   17.599518   14.071563    7.804733 1
   17.598758   17.602237    7.831897 1
   17.599357   21.118712    7.806010 1
   17.600230   24.639154    7.834758 1
   17.602057   28.157613    7.803676 1
   17.605806   31.684018    7.831022 1
   17.606009   35.203533    7.806562 1
   17.606249   38.716643    7.807237 1
   19.363692    1.761001    7.808236 1
   19.363841    5.280763    7.807395 1
   19.365815    8.801459    7.806390 1
   19.362115   12.315504    7.806147 1
   19.362449   15.834829    7.830594 1
   19.363183   19.367470    7.807749 1
   19.361542   22.879859    7.810491 1
   19.363556   26.400470    7.809017 1
   19.370506   29.919723    7.805637 1
   19.365642   33.442107    7.811280 1
   19.365170   36.959788    7.807521 1
   19.362470   40.479243    7.808679 1
   21.120337    0.000365    7.808948 1
   21.121377    3.520840    7.807721 1
   21.121203    7.041237    7.807814 1
   21.122609   10.559809    7.807854 1
   21.121592   14.074042    7.810439 1
   21.123752   17.598559    7.806515 1
   21.120999   21.124550    7.808232 1
   21.123739   24.641839    7.804750 1
   21.124329   28.159410    7.806037 1
   21.126360   31.681222    7.807012 1
   21.123590   35.201057    7.807484 1
   21.121043   38.720580    7.808037 1
   22.878692    1.761261    7.808205 1
   22.878274    5.282011    7.807482 1
   22.879669    8.800389    7.808133 1
   22.882422   12.316756    7.808024 1
   22.882203   15.829870    7.807458 1
   22.873198   19.361684    7.818934 1
   22.879995   22.889188    7.805052 1
   22.880651   26.400881    7.806297 1
   22.881693   29.919685    7.807452 1
   22.881167   33.441008    7.807592 1
   22.879607   36.961387    7.807001 1
   22.877813   40.480647    7.808138 1
   24.634094    0.000635    7.807144 1
   24.635470    3.523577    7.807112 1
   24.637252    7.041118    7.807632 1
   24.640487   10.557595    7.808070 1
   24.642197   14.073499    7.808139 1
   24.639915   17.585456    7.817882 1
   24.634284   21.133081    7.806603 1
   24.639264   24.645865    7.804841 1
   24.639008   28.159195    7.807500 1
   24.638295   31.680293    7.807575 1
   24.636664   35.201277    7.806723 1
   24.635958   38.721526    7.807025 1
   26.389851    1.763663    7.806083 1
   26.395595    5.283176    7.807217 1
   26.398458    8.797619    7.807829 1
   26.400440   12.315308    7.807987 1
   26.402683   15.829270    7.805464 1
   26.412946   19.352559    7.808713 1
   26.402751   22.895000    7.800938 1
   26.398940   26.401393    7.806911 1
   26.394307   29.918833    7.807309 1
   26.394000   33.442132    7.806387 1
   26.391650   36.961508    7.805555 1
   26.395057   40.480304    7.810690 1
   28.155334   -0.000308    7.831050 1
   28.157241    3.529932    7.806303 1
   28.158067    7.039053    7.808269 1
   28.158368   10.554962    7.807832 1
   28.158321   14.073392    7.805285 1
   28.170309   17.589967    7.801474 1
   28.173328   21.125310    7.822367 1
   28.162852   24.647269    7.806071 1
   28.156874   28.159569    7.811339 1
   28.149077   31.681611    7.805996 1
   28.153910   35.201827    7.809608 1
   28.155936   38.718626    7.809569 1
   29.922431    1.764356    7.831791 1
   29.921086    5.284907    7.807827 1
   29.918362    8.796429    7.808386 1
   29.918705   12.312176    7.810414 1
   29.922779   15.833429    7.809239 1
   29.926298   19.360798    7.811095 1
   29.923834   22.884187    7.815335 1
   29.919722   26.400116    7.806868 1
   29.915766   29.919000    7.831237 1
   29.917453   33.443691    7.803497 1
   29.919678   36.960123    7.834798 1
   29.921445   40.477809    7.803365 1
   31.689095    0.001274    7.805561 1
   31.682737    3.523686    7.812047 1
   31.680999    7.041076    7.808463 1
   31.679726   10.551084    7.806246 1
   31.681007   14.072381    7.834274 1
   31.679688   17.600294    7.807222 1
   31.679691   21.121698    7.817178 1
   31.679345   24.644038    7.809656 1
   31.680961   28.154271    7.804931 1
   31.683414   31.681386    7.830599 1
   31.683877   35.201861    7.809262 1
   31.683997   38.719687    7.808827 1
   33.445075    1.763495    7.807262 1
   33.441480    5.282918    7.808038 1
   33.441332    8.797961    7.807442 1
   33.441743   12.312456    7.810430 1
   33.438964   15.835219    7.809975 1
   33.433992   19.359839    7.811989 1
   33.431921   22.883232    7.812235 1
   33.440063   26.400500    7.806326 1
   33.448822   29.916936    7.805038 1
   33.443877   33.439253    7.809990 1
   33.445827   36.960986    7.804325 1
   33.442899   40.480500    7.805024 1
   35.199678    0.001069    7.806790 1
   35.200476    3.523643    7.808016 1
   35.200864    7.041036    7.806980 1
   35.201609   10.555723    7.807061 1
   35.202041   14.074543    7.805619 1
   35.191712   17.592807    7.801295 1
   35.181852   21.122204    7.816657 1
   35.197192   24.645875    7.807810 1
   35.202389   28.155633    7.806023 1
   35.204508   31.678012    7.805982 1
   35.197992   35.200616    7.804095 1
   35.200141   38.722439    7.804918 1
   36.955075    1.761397    7.806535 1
   36.959239    5.282504    7.807441 1
   36.960926    8.798834    7.807127 1
   36.959716   12.315588    7.808067 1
   36.951784   15.836449    7.804735 1
   36.950182   19.347997    7.789461 1
   36.959745   22.892517    7.820319 1
   36.962209   26.399545    7.806570 1
   36.958747   29.915353    7.806812 1
   36.958479   33.439506    7.809585 1
   36.957774   36.964023    7.808742 1
   36.957915   40.481527    7.806490 1
   38.717951   -0.000934    7.811297 1
   38.717644    3.523124    7.811266 1
   38.719149    7.040829    7.807579 1
   38.719453   10.557952    7.808537 1
   38.717827   14.074819    7.810957 1
   38.718143   17.590359    7.813840 1
   38.731843   21.127682    7.807413 1
   38.725312   24.641511    7.810683 1
   38.719317   28.158040    7.807081 1
   38.713546   31.674432    7.804483 1
   38.717940   35.202782    7.833767 1
   38.718340   38.726041    7.805294 1
   40.479034    1.761433    7.835811 1
   40.479323    5.285844    7.806380 1
   40.478690    8.799068    7.808306 1
   40.477757   12.316324    7.810362 1
   40.481312   15.834926    7.830809 1
   40.490070   19.367537    7.799012 1
   40.488101   22.878847    7.812606 1
   40.480316   26.400559    7.807941 1
   40.476666   29.917253    7.809764 1
   40.476884   33.439697    7.813204 1
   40.479289   36.964488    7.809779 1
   40.480725   40.477223    7.806133 1
   -0.003590    1.760792    6.054236 1
   -0.001065    5.280588    6.049298 1
   -0.000617    8.800524    6.049147 1
   -0.001124   12.320017    6.050513 1
   -0.001704   15.837628    6.052661 1
    0.003332   19.360679    6.048068 1
    0.000706   22.879444    6.049924 1
   -0.001697   26.398871    6.047741 1
   -0.002203   29.923382    6.052844 1
   -0.003042   33.437474    6.053600 1
   -0.001774   36.960511    6.047830 1
   -0.001671   40.481200    6.048656 1
    1.758680    0.000356    6.049241 1
    1.757994    3.520904    6.048866 1
    1.758695    7.041059    6.048677 1
    1.759017   10.560810    6.049419 1
    1.761286   14.078584    6.054784 1
    1.761829   17.598877    6.048515 1
    1.759688   21.119912    6.051676 1
    1.756323   24.638576    6.048146 1
    1.756033   28.161696    6.047056 1
    1.754121   31.680935    6.052627 1
    1.758263   35.198433    6.047343 1
    1.758097   38.720607    6.047127 1
    3.518139    1.759909    6.047626 1
    3.517697    5.281314    6.048016 1
    3.518371    8.800445    6.047772 1
    3.519631   12.322609    6.054055 1
    3.519953   15.834978    6.053370 1
    3.519222   19.362120    6.051272 1
    3.516118   22.876842    6.052087 1
    3.513620   26.401308    6.044083 1
    3.515235   29.922954    6.046569 1
    3.518509   33.438486    6.048787 1
    3.517666   36.958938    6.046421 1
    3.521063   40.480391    6.051582 1
    5.278436   -0.001710    6.052102 1
    5.277295    3.521012    6.047802 1
    5.277642    7.041115    6.047366 1
    5.280081   10.560695    6.049448 1
    5.277621   14.079558    6.054058 1
    5.279476   17.597224    6.047999 1
    5.278699   21.119979    6.057388 1
    5.275149   24.638990    6.046591 1
    5.274076   28.163758    6.042661 1
    5.281758   31.681131    6.051677 1
    5.279764   35.196021    6.047953 1
    5.280438   38.721589    6.055063 1
    7.039374    1.761597    6.052066 1
    7.038156    5.280323    6.047954 1
    7.041728    8.800555    6.052258 1
    7.039965   12.319907    6.049576 1
    7.040130   15.839325    6.049283 1
    7.041232   19.358218    6.048747 1
    7.039967   22.878564    6.056527 1
    7.038097   26.400333    6.043669 1
    7.040463   29.926062    6.053831 1
    7.040467   33.435520    6.052892 1
    7.041459   36.960226    6.055543 1
    7.036239   40.478817    6.055342 1
    8.798112    0.004918    6.050968 1
    8.798739    3.517193    6.051393 1
    8.801253    7.043048    6.056028 1
    8.799641   10.557723    6.052360 1
    8.800755   14.080823    6.047959 1
    8.801407   17.598681    6.048965 1
    8.802281   21.118362    6.049886 1
    8.802148   24.637507    6.053879 1
    8.802693   28.164893    6.052661 1
    8.798600   31.679743    6.055042 1
    8.799487   35.200877    6.052979 1
    8.798571   38.716784    6.055294 1
   10.558755    1.760782    6.051811 1
   10.559955    5.282372    6.051436 1
   10.557134    8.797586    6.056371 1
   10.559438   12.321034    6.047413 1
   10.560768   15.839729    6.048824 1
   10.560999   19.358552    6.049376 1
   10.562484   22.878278    6.049971 1
   10.562234   26.400721    6.053421 1
   10.560640   29.921923    6.051095 1
   10.559294   33.440934    6.049628 1
   10.558002   36.959715    6.052353 1
   10.564178   40.480733    6.050911 1
   12.324609   -0.001058    6.056673 1
   12.321898    3.521928    6.047376 1
   12.319126    7.039778    6.052091 1
   12.320192   10.559475    6.048198 1
   12.319667   14.080249    6.047863 1
   12.319847   17.599505    6.048625 1
   12.320922   21.118740    6.049505 1
   12.321096   24.638665    6.047909 1
   12.322646   28.161331    6.049091 1
   12.321439   31.681658    6.047095 1
   12.319656   35.200377    6.048235 1
   12.322023   38.721680    6.051319 1
   14.083965    1.758217    6.051247 1
   14.082552    5.281520    6.048480 1
   14.084596    8.799319    6.052560 1
   14.080153   12.319621    6.047643 1
   14.079002   15.840349    6.047632 1
   14.080715   19.358951    6.049610 1
   14.080569   22.878749    6.049590 1
   14.083134   26.399547    6.048200 1
   14.084651   29.921460    6.051551 1
   14.081914   33.441849    6.048078 1
   14.081851   36.959082    6.047138 1
   14.080532   40.482208    6.056970 1
   15.840842    0.000085    6.052553 1
   15.843042    3.519401    6.048207 1
   15.842625    7.043016    6.053459 1
   15.840506   10.556746    6.053052 1
   15.840412   14.080894    6.047453 1
   15.842561   17.599732    6.052983 1
   15.840323   21.119200    6.050102 1
   15.842468   24.638280    6.054010 1
   15.841650   28.162292    6.052229 1
   15.843876   31.679647    6.057145 1
   15.843004   35.201298    6.047377 1
   15.842374   38.719740    6.048647 1
   17.602093    1.759881    6.049289 1
   17.602126    5.281004    6.048994 1
   17.598121    8.800318    6.054026 1
   17.600472   12.317949    6.047624 1
   17.602621   15.842219    6.057485 1
   17.600264   19.356779    6.052756 1
   17.599523   22.882915    6.053965 1
   17.599720   26.395825    6.053028 1
   17.598951   29.924001    6.056819 1
   17.602484   33.438184    6.052485 1
   17.602947   36.960351    6.048130 1
   17.603465   40.479934    6.048259 1
   19.362120    0.000282    6.049015 1
   19.361566    3.520293    6.048776 1
   19.360519    7.041198    6.049307 1
   19.360442   10.558737    6.048703 1
   19.360477   14.081316    6.052019 1
   19.357872   17.597467    6.057523 1
   19.359620   21.121516    6.048642 1
   19.357030   24.639795    6.053422 1
   19.360013   28.160114    6.048745 1
   19.359480   31.680667    6.052646 1
   19.361997   35.199513    6.049055 1
   19.362038   38.719984    6.048816 1
   21.120568    1.760311    6.049203 1
   21.120228    5.280869    6.048754 1
   21.121374    8.800262    6.048362 1
   21.120400   12.319139    6.048901 1
   21.118330   15.838689    6.052707 1
   21.120287   19.359796    6.049660 1
   21.119564   22.881246    6.048495 1
   21.119520   26.400165    6.048114 1
   21.122046   29.920524    6.047799 1
   21.120787   33.439908    6.049141 1
   21.120959   36.960319    6.048584 1
   21.120001   40.480347    6.049241 1
   22.878578    0.000211    6.048942 1
   22.879132    3.520794    6.048777 1
   22.879698    7.040570    6.048795 1
   22.880527   10.559531    6.048889 1
   22.880092   14.077571    6.048897 1
   22.882147   17.599555    6.052646 1
   22.879514   21.119869    6.050111 1
   22.880479   24.642210    6.046368 1
   22.880423   28.159948    6.048177 1
   22.881105   31.680343    6.048433 1
   22.879775   35.200276    6.048360 1
   22.879241   38.721068    6.048638 1
   24.637786    1.760445    6.048268 1
   24.638709    5.280873    6.048635 1
   24.639482    8.799771    6.048984 1
   24.640384   12.317938    6.048861 1
   24.640623   15.837222    6.048999 1
   24.640400   19.358665    6.059073 1
   24.640671   22.882629    6.046646 1
   24.640272   26.401681    6.047689 1
   24.639139   29.919611    6.048527 1
   24.639068   33.440590    6.048340 1
   24.638120   36.960998    6.047825 1
   24.639353   40.481020    6.049226 1
   26.401326    0.000771    6.052856 1
   26.398989    3.520856    6.049089 1
   26.398918    7.040154    6.048894 1
   26.399890   10.558419    6.049027 1
   26.399979   14.076316    6.047514 1
   26.400504   17.597508    6.051379 1
   26.403347   21.119979    6.056458 1
   26.401587   24.643802    6.046328 1
   26.400129   28.160750    6.049093 1
   26.397783   31.679849    6.048097 1
   26.398770   35.201131    6.048665 1
   26.399467   38.721047    6.049482 1
   28.161499    1.759114    6.058166 1
   28.159719    5.281521    6.048476 1
   28.159432    8.798611    6.049135 1
   28.160737   12.317298    6.049077 1
   28.162318   15.835676    6.047639 1
   28.164206   19.361365    6.051782 1
   28.162956   22.880048    6.051372 1
   28.160981   26.402772    6.048521 1
   28.161095   29.920151    6.052824 1
   28.159053   33.440859    6.049197 1
   28.161507   36.960143    6.053557 1
   28.159412   40.482486    6.053123 1
   29.917591    0.004221    6.057333 1
   29.920151    3.518689    6.053442 1
   29.919912    7.040176    6.049027 1
   29.919906   10.557829    6.049318 1
   29.923808   14.076135    6.053422 1
   29.923432   17.598399    6.048607 1
   29.921780   21.121764    6.051979 1
   29.920489   24.640002    6.049303 1
   29.919505   28.163684    6.052562 1
   29.921344   31.677192    6.057083 1
   29.919873   35.204119    6.053388 1
   29.919312   38.716326    6.053227 1
   31.678142    1.761679    6.053123 1
   31.679944    5.280205    6.049862 1
   31.679969    8.798117    6.048463 1
   31.679983   12.319310    6.053757 1
   31.680377   15.834144    6.053596 1
   31.679950   19.362067    6.049955 1
   31.678579   22.880620    6.051051 1
   31.679259   26.399714    6.047676 1
   31.677749   29.922567    6.057368 1
   31.679886   33.437874    6.052897 1
   31.677456   36.960401    6.053159 1
   31.679591   40.480343    6.048762 1
   33.441079    0.001560    6.047703 1
   33.439678    3.521193    6.049651 1
   33.440212    7.039804    6.048836 1
   33.439960   10.558499    6.049000 1
   33.436402   14.076277    6.053559 1
   33.436420   17.598630    6.048870 1
   33.436429   21.121893    6.050304 1
   33.438909   24.639696    6.049406 1
   33.439885   28.160091    6.048042 1
   33.438326   31.679650    6.052261 1
   33.439014   35.199508    6.048386 1
   33.439992   38.720079    6.047868 1
   35.200061    1.761612    6.048170 1
   35.200242    5.280509    6.048800 1
   35.200418    8.799327    6.048445 1
   35.199728   12.318159    6.049042 1
   35.196308   15.835959    6.046914 1
   35.194147   19.361327    6.048351 1
   35.199064   22.880481    6.054055 1
   35.200095   26.399664    6.047778 1
   35.201495   29.919104    6.047429 1
   35.200374   33.439789    6.048851 1
   35.201516   36.960077    6.047443 1
   35.200487   40.481045    6.047665 1
   36.960430    0.001500    6.049254 1
   36.960692    3.520616    6.049537 1
   36.960377    7.040039    6.048560 1
   36.960428   10.559119    6.048763 1
   36.960810   14.078195    6.048767 1
   36.959272   17.594945    6.045810 1
   36.957723   21.123923    6.058042 1
   36.960519   24.639813    6.050259 1
   36.960773   28.158561    6.047959 1
   36.960175   31.679935    6.047944 1
   36.963062   35.200162    6.053128 1
   36.960590   38.720831    6.048177 1
   38.722540    1.760690    6.054704 1
   38.720287    5.280012    6.049388 1
   38.720024    8.799957    6.048919 1
   38.720243   12.318943    6.049639 1
   38.722473   15.837557    6.053564 1
   38.721082   19.359278    6.052194 1
   38.720192   22.881668    6.051812 1
   38.721145   26.398838    6.048897 1
   38.719826   29.918713    6.048292 1
   38.719912   33.442621    6.053953 1
   38.719493   36.958086    6.053335 1
   38.720242   40.482437    6.048644 1
   40.479580    0.003937    6.054397 1
   40.479529    3.517815    6.054485 1
   40.479716    7.041225    6.048521 1
   40.479533   10.559494    6.049518 1
   40.478908   14.080549    6.052593 1
   40.480401   17.596342    6.054829 1
   40.483196   21.122747    6.046544 1
   40.480876   24.638566    6.050137 1
   40.479541   28.160076    6.048546 1
   40.480753   31.680238    6.053885 1
   40.476044   35.200133    6.053948 1
   40.479075   38.719819    6.048362 1
    0.000000    0.000000    4.290000 1
    0.000000    3.520000    4.290000 1
    0.000000    7.040000    4.290000 1
    0.000000   10.560000    4.290000 1
    0.000000   14.080000    4.290000 1
    0.000000   17.600000    4.290000 1
    0.000000   21.120000    4.290000 1
    0.000000   24.640000    4.290000 1
    0.000000   28.160000    4.290000 1
    0.000000   31.680000    4.290000 1
    0.000000   35.200000    4.290000 1
    0.000000   38.720000    4.290000 1
    1.760000    1.760000    4.290000 1
    1.760000    5.280000    4.290000 1
    1.760000    8.800000    4.290000 1
    1.760000   12.320000    4.290000 1
    1.760000   15.840000    4.290000 1
    1.760000   19.360000    4.290000 1
    1.760000   22.880000    4.290000 1
    1.760000   26.400000    4.290000 1
    1.760000   29.920000    4.290000 1
    1.760000   33.440000    4.290000 1
    1.760000   36.960000    4.290000 1
    1.760000   40.480000    4.290000 1
    3.520000    0.000000    4.290000 1
    3.520000    3.520000    4.290000 1
    3.520000    7.040000    4.290000 1
    3.520000   10.560000    4.290000 1
    3.520000   14.080000    4.290000 1
    3.520000   17.600000    4.290000 1
    3.520000   21.120000    4.290000 1
    3.520000   24.640000    4.290000 1
    3.520000   28.160000    4.290000 1
    3.520000   31.680000    4.290000 1
    3.520000   35.200000    4.290000 1
    3.520000   38.720000    4.290000 1
    5.280000    1.760000    4.290000 1
    5.280000    5.280000    4.290000 1
    5.280000    8.800000    4.290000 1
    5.280000   12.320000    4.290000 1
    5.280000   15.840000    4.290000 1
    5.280000   19.360000    4.290000 1
    5.280000   22.880000    4.290000 1
    5.280000   26.400000    4.290000 1
    5.280000   29.920000    4.290000 1
    5.280000   33.440000    4.290000 1
    5.280000   36.960000    4.290000 1
    5.280000   40.480000    4.290000 1
    7.040000    0.000000    4.290000 1
    7.040000    3.520000    4.290000 1
    7.040000    7.040000    4.290000 1
    7.040000   10.560000    4.290000 1
    7.040000   14.080000    4.290000 1
    7.040000   17.600000    4.290000 1
    7.040000   21.120000    4.290000 1
    7.040000   24.640000    4.290000 1
    7.040000   28.160000    4.290000 1
    7.040000   31.680000    4.290000 1
    7.040000   35.200000    4.290000 1
    7.040000   38.720000    4.290000 1
    8.800000    1.760000    4.290000 1
    8.800000    5.280000    4.290000 1
    8.800000    8.800000    4.290000 1
    8.800000   12.320000    4.290000 1
    8.800000   15.840000    4.290000 1
    8.800000   19.360000    4.290000 1
    8.800000   22.880000    4.290000 1
    8.800000   26.400000    4.290000 1
    8.800000   29.920000    4.290000 1
    8.800000   33.440000    4.290000 1
    8.800000   36.960000    4.290000 1
    8.800000   40.480000    4.290000 1
   10.560000    0.000000    4.290000 1
   10.560000    3.520000    4.290000 1
   10.560000    7.040000    4.290000 1
   10.560000   10.560000    4.290000 1
   10.560000   14.080000    4.290000 1
   10.560000   17.600000    4.290000 1
   10.560000   21.120000    4.290000 1
   10.560000   24.640000    4.290000 1
   10.560000   28.160000    4.290000 1
   10.560000   31.680000    4.290000 1
   10.560000   35.200000    4.290000 1
   10.560000   38.720000    4.290000 1
   12.320000    1.760000    4.290000 1
   12.320000    5.280000    4.290000 1
   12.320000    8.800000    4.290000 1
   12.320000   12.320000    4.290000 1
   12.320000   15.840000    4.290000 1
   12.320000   19.360000    4.290000 1
   12.320000   22.880000    4.290000 1
   12.320000   26.400000    4.290000 1
   12.320000   29.920000    4.290000 1
   12.320000   33.440000    4.290000 1
   12.320000   36.960000    4.290000 1
   12.320000   40.480000    4.290000 1
   14.080000    0.000000    4.290000 1
   14.080000    3.520000    4.290000 1
   14.080000    7.040000    4.290000 1
   14.080000   10.560000    4.290000 1
   14.080000   14.080000    4.290000 1
   14.080000   17.600000    4.290000 1
   14.080000   21.120000    4.290000 1
   14.080000   24.640000    4.290000 1
   14.080000   28.160000    4.290000 1
   14.080000   31.680000    4.290000 1
   14.080000   35.200000    4.290000 1
   14.080000   38.720000    4.290000 1
   15.840000    1.760000    4.290000 1
   15.840000    5.280000    4.290000 1
   15.840000    8.800000    4.290000 1
   15.840000   12.320000    4.290000 1
   15.840000   15.840000    4.290000 1
   15.840000   19.360000    4.290000 1
   15.840000   22.880000    4.290000 1
   15.840000   26.400000    4.290000 1
   15.840000   29.920000    4.290000 1
   15.840000   33.440000    4.290000 1
   15.840000   36.960000    4.290000 1
   15.840000   40.480000    4.290000 1
   17.600000    0.000000    4.290000 1
   17.600000    3.520000    4.290000 1
   17.600000    7.040000    4.290000 1
   17.600000   10.560000    4.290000 1
   17.600000   14.080000    4.290000 1
   17.600000   17.600000    4.290000 1
   17.600000   21.120000    4.290000 1
   17.600000   24.640000    4.290000 1
   17.600000   28.160000    4.290000 1
   17.600000   31.680000    4.290000 1
   17.600000   35.200000    4.290000 1
   17.600000   38.720000    4.290000 1
   19.360000    1.760000    4.290000 1
   19.360000    5.280000    4.290000 1
   19.360000    8.800000    4.290000 1
   19.360000   12.320000    4.290000 1
   19.360000   15.840000    4.290000 1
   19.360000   19.360000    4.290000 1
   19.360000   22.880000    4.290000 1
   19.360000   26.400000    4.290000 1
   19.360000   29.920000    4.290000 1
   19.360000   33.440000    4.290000 1
   19.360000   36.960000    4.290000 1
   19.360000   40.480000    4.290000 1
   21.120000    0.000000    4.290000 1
   21.120000    3.520000    4.290000 1
   21.120000    7.040000    4.290000 1
   21.120000   10.560000    4.290000 1
   21.120000   14.080000    4.290000 1
   21.120000   17.600000    4.290000 1
   21.120000   21.120000    4.290000 1
   21.120000   24.640000    4.290000 1
   21.120000   28.160000    4.290000 1
   21.120000   31.680000    4.290000 1
   21.120000   35.200000    4.290000 1
   21.120000   38.720000    4.290000 1
   22.880000    1.760000    4.290000 1
   22.880000    5.280000    4.290000 1
   22.880000    8.800000    4.290000 1
   22.880000   12.320000    4.290000 1
   22.880000   15.840000    4.290000 1
   22.880000   19.360000    4.290000 1
   22.880000   22.880000    4.290000 1
   22.880000   26.400000    4.290000 1
   22.880000   29.920000    4.290000 1
   22.880000   33.440000    4.290000 1
   22.880000   36.960000    4.290000 1
   22.880000   40.480000    4.290000 1
   24.640000    0.000000    4.290000 1
   24.640000    3.520000    4.290000 1
   24.640000    7.040000    4.290000 1
   24.640000   10.560000    4.290000 1
   24.640000   14.080000    4.290000 1
   24.640000   17.600000    4.290000 1
   24.640000   21.120000    4.290000 1
   24.640000   24.640000    4.290000 1
   24.640000   28.160000    4.290000 1
   24.640000   31.680000    4.290000 1
   24.640000   35.200000    4.290000 1
   24.640000   38.720000    4.290000 1
   26.400000    1.760000    4.290000 1
   26.400000    5.280000    4.290000 1
   26.400000    8.800000    4.290000 1
   26.400000   12.320000    4.290000 1
   26.400000   15.840000    4.290000 1
   26.400000   19.360000    4.290000 1
   26.400000   22.880000    4.290000 1
   26.400000   26.400000    4.290000 1
   26.400000   29.920000    4.290000 1
   26.400000   33.440000    4.290000 1
   26.400000   36.960000    4.290000 1
   26.400000   40.480000    4.290000 1
   28.160000    0.000000    4.290000 1
   28.160000    3.520000    4.290000 1
   28.160000    7.040000    4.290000 1
   28.160000   10.560000    4.290000 1
   28.160000   14.080000    4.290000 1
   28.160000   17.600000    4.290000 1
   28.160000   21.120000    4.290000 1
   28.160000   24.640000    4.290000 1
   28.160000   28.160000    4.290000 1
   28.160000   31.680000    4.290000 1
   28.160000   35.200000    4.290000 1
   28.160000   38.720000    4.290000 1
   29.920000    1.760000    4.290000 1
   29.920000    5.280000    4.290000 1
   29.920000    8.800000    4.290000 1
   29.920000   12.320000    4.290000 1
   29.920000   15.840000    4.290000 1
   29.920000   19.360000    4.290000 1
   29.920000   22.880000    4.290000 1
   29.920000   26.400000    4.290000 1
   29.920000   29.920000    4.290000 1
   29.920000   33.440000    4.290000 1
   29.920000   36.960000    4.290000 1
   29.920000   40.480000    4.290000 1
   31.680000    0.000000    4.290000 1
   31.680000    3.520000    4.290000 1
   31.680000    7.040000    4.290000 1
   31.680000   10.560000    4.290000 1
   31.680000   14.080000    4.290000 1
   31.680000   17.600000    4.290000 1
   31.680000   21.120000    4.290000 1
   31.680000   24.640000    4.290000 1
   31.680000   28.160000    4.290000 1
   31.680000   31.680000    4.290000 1
   31.680000   35.200000    4.290000 1
   31.680000   38.720000    4.290000 1
   33.440000    1.760000    4.290000 1
   33.440000    5.280000    4.290000 1
   33.440000    8.800000    4.290000 1
   33.440000   12.320000    4.290000 1
   33.440000   15.840000    4.290000 1
   33.440000   19.360000    4.290000 1
   33.440000   22.880000    4.290000 1
   33.440000   26.400000    4.290000 1
   33.440000   29.920000    4.290000 1
   33.440000   33.440000    4.290000 1
   33.440000   36.960000    4.290000 1
   33.440000   40.480000    4.290000 1
   35.200000    0.000000    4.290000 1
   35.200000    3.520000    4.290000 1
   35.200000    7.040000    4.290000 1
   35.200000   10.560000    4.290000 1
   35.200000   14.080000    4.290000 1
   35.200000   17.600000    4.290000 1
   35.200000   21.120000    4.290000 1
   35.200000   24.640000    4.290000 1
   35.200000   28.160000    4.290000 1
   35.200000   31.680000    4.290000 1
   35.200000   35.200000    4.290000 1
   35.200000   38.720000    4.290000 1
   36.960000    1.760000    4.290000 1
   36.960000    5.280000    4.290000 1
   36.960000    8.800000    4.290000 1
   36.960000   12.320000    4.290000 1
   36.960000   15.840000    4.290000 1
   36.960000   19.360000    4.290000 1
   36.960000   22.880000    4.290000 1
   36.960000   26.400000    4.290000 1
   36.960000   29.920000    4.290000 1
   36.960000   33.440000    4.290000 1
   36.960000   36.960000    4.290000 1
   36.960000   40.480000    4.290000 1
   38.720000    0.000000    4.290000 1
   38.720000    3.520000    4.290000 1
   38.720000    7.040000    4.290000 1
   38.720000   10.560000    4.290000 1
   38.720000   14.080000    4.290000 1
   38.720000   17.600000    4.290000 1
   38.720000   21.120000    4.290000 1
   38.720000   24.640000    4.290000 1
   38.720000   28.160000    4.290000 1
   38.720000   31.680000    4.290000 1
   38.720000   35.200000    4.290000 1
   38.720000   38.720000    4.290000 1
   40.480000    1.760000    4.290000 1
   40.480000    5.280000    4.290000 1
   40.480000    8.800000    4.290000 1
   40.480000   12.320000    4.290000 1
   40.480000   15.840000    4.290000 1
   40.480000   19.360000    4.290000 1
   40.480000   22.880000    4.290000 1
   40.480000   26.400000    4.290000 1
   40.480000   29.920000    4.290000 1
   40.480000   33.440000    4.290000 1
   40.480000   36.960000    4.290000 1
   40.480000   40.480000    4.290000 1
    0.000000    1.760000    2.530000 1
    0.000000    5.280000    2.530000 1
    0.000000    8.800000    2.530000 1
    0.000000   12.320000    2.530000 1
    0.000000   15.840000    2.530000 1
    0.000000   19.360000    2.530000 1
    0.000000   22.880000    2.530000 1
    0.000000   26.400000    2.530000 1
    0.000000   29.920000    2.530000 1
    0.000000   33.440000    2.530000 1
    0.000000   36.960000    2.530000 1
    0.000000   40.480000    2.530000 1
    1.760000    0.000000    2.530000 1
    1.760000    3.520000    2.530000 1
    1.760000    7.040000    2.530000 1
    1.760000   10.560000    2.530000 1
    1.760000   14.080000    2.530000 1
    1.760000   17.600000    2.530000 1
    1.760000   21.120000    2.530000 1
    1.760000   24.640000    2.530000 1
    1.760000   28.160000    2.530000 1
    1.760000   31.680000    2.530000 1
    1.760000   35.200000    2.530000 1
    1.760000   38.720000    2.530000 1
    3.520000    1.760000    2.530000 1
    3.520000    5.280000    2.530000 1
    3.520000    8.800000    2.530000 1
    3.520000   12.320000    2.530000 1
    3.520000   15.840000    2.530000 1
    3.520000   19.360000    2.530000 1
    3.520000   22.880000    2.530000 1
    3.520000   26.400000    2.530000 1
    3.520000   29.920000    2.530000 1
    3.520000   33.440000    2.530000 1
    3.520000   36.960000    2.530000 1
    3.520000   40.480000    2.530000 1
    5.280000    0.000000    2.530000 1
    5.280000    3.520000    2.530000 1
    5.280000    7.040000    2.530000 1
    5.280000   10.560000    2.530000 1
    5.280000   14.080000    2.530000 1
    5.280000   17.600000    2.530000 1
    5.280000   21.120000    2.530000 1
    5.280000   24.640000    2.530000 1
    5.280000   28.160000    2.530000 1
    5.280000   31.680000    2.530000 1
    5.280000   35.200000    2.530000 1
    5.280000   38.720000    2.530000 1
    7.040000    1.760000    2.530000 1
    7.040000    5.280000    2.530000 1
    7.040000    8.800000    2.530000 1
    7.040000   12.320000    2.530000 1
    7.040000   15.840000    2.530000 1
    7.040000   19.360000    2.530000 1
    7.040000   22.880000    2.530000 1
    7.040000   26.400000    2.530000 1
    7.040000   29.920000    2.530000 1
    7.040000   33.440000    2.530000 1
    7.040000   36.960000    2.530000 1
    7.040000   40.480000    2.530000 1
    8.800000    0.000000    2.530000 1
    8.800000    3.520000    2.530000 1
    8.800000    7.040000    2.530000 1
    8.800000   10.560000    2.530000 1
    8.800000   14.080000    2.530000 1
    8.800000   17.600000    2.530000 1
    8.800000   21.120000    2.530000 1
    8.800000   24.640000    2.530000 1
    8.800000   28.160000    2.530000 1
    8.800000   31.680000    2.530000 1
    8.800000   35.200000    2.530000 1
    8.800000   38.720000    2.530000 1
   10.560000    1.760000    2.530000 1
   10.560000    5.280000    2.530000 1
   10.560000    8.800000    2.530000 1
   10.560000   12.320000    2.530000 1
   10.560000   15.840000    2.530000 1
   10.560000   19.360000    2.530000 1
   10.560000   22.880000    2.530000 1
   10.560000   26.400000    2.530000 1
   10.560000   29.920000    2.530000 1
   10.560000   33.440000    2.530000 1
   10.560000   36.960000    2.530000 1
   10.560000   40.480000    2.530000 1
   12.320000    0.000000    2.530000 1
   12.320000    3.520000    2.530000 1
   12.320000    7.040000    2.530000 1
   12.320000   10.560000    2.530000 1
   12.320000   14.080000    2.530000 1
   12.320000   17.600000    2.530000 1
   12.320000   21.120000    2.530000 1
   12.320000   24.640000    2.530000 1
   12.320000   28.160000    2.530000 1
   12.320000   31.680000    2.530000 1
   12.320000   35.200000    2.530000 1
   12.320000   38.720000    2.530000 1
   14.080000    1.760000    2.530000 1
   14.080000    5.280000    2.530000 1
   14.080000    8.800000    2.530000 1
   14.080000   12.320000    2.530000 1
   14.080000   15.840000    2.530000 1
   14.080000   19.360000    2.530000 1
   14.080000   22.880000    2.530000 1
   14.080000   26.400000    2.530000 1
   14.080000   29.920000    2.530000 1
   14.080000   33.440000    2.530000 1
   14.080000   36.960000    2.530000 1
   14.080000   40.480000    2.530000 1
   15.840000    0.000000    2.530000 1
   15.840000    3.520000    2.530000 1
   15.840000    7.040000    2.530000 1
   15.840000   10.560000    2.530000 1
   15.840000   14.080000    2.530000 1
   15.840000   17.600000    2.530000 1
   15.840000   21.120000    2.530000 1
   15.840000   24.640000    2.530000 1
   15.840000   28.160000    2.530000 1
   15.840000   31.680000    2.530000 1
   15.840000   35.200000    2.530000 1
   15.840000   38.720000    2.530000 1
   17.600000    1.760000    2.530000 1
   17.600000    5.280000    2.530000 1
   17.600000    8.800000    2.530000 1
   17.600000   12.320000    2.530000 1
   17.600000   15.840000    2.530000 1
   17.600000   19.360000    2.530000 1
   17.600000   22.880000    2.530000 1
   17.600000   26.400000    2.530000 1
   17.600000   29.920000    2.530000 1
   17.600000   33.440000    2.530000 1
   17.600000   36.960000    2.530000 1
   17.600000   40.480000    2.530000 1
   19.360000    0.000000    2.530000 1
   19.360000    3.520000    2.530000 1
   19.360000    7.040000    2.530000 1
   19.360000   10.560000    2.530000 1
   19.360000   14.080000    2.530000 1
   19.360000   17.600000    2.530000 1
   19.360000   21.120000    2.530000 1
   19.360000   24.640000    2.530000 1
   19.360000   28.160000    2.530000 1
   19.360000   31.680000    2.530000 1
   19.360000   35.200000    2.530000 1
   19.360000   38.720000    2.530000 1
   21.120000    1.760000    2.530000 1
   21.120000    5.280000    2.530000 1
   21.120000    8.800000    2.530000 1
   21.120000   12.320000    2.530000 1
   21.120000   15.840000    2.530000 1
   21.120000   19.360000    2.530000 1
   21.120000   22.880000    2.530000 1
   21.120000   26.400000    2.530000 1
   21.120000   29.920000    2.530000 1
   21.120000   33.440000    2.530000 1
   21.120000   36.960000    2.530000 1
   21.120000   40.480000    2.530000 1
   22.880000    0.000000    2.530000 1
   22.880000    3.520000    2.530000 1
   22.880000    7.040000    2.530000 1
   22.880000   10.560000    2.530000 1
   22.880000   14.080000    2.530000 1
   22.880000   17.600000    2.530000 1
   22.880000   21.120000    2.530000 1
   22.880000   24.640000    2.530000 1
   22.880000   28.160000    2.530000 1
   22.880000   31.680000    2.530000 1
   22.880000   35.200000    2.530000 1
   22.880000   38.720000    2.530000 1
   24.640000    1.760000    2.530000 1
   24.640000    5.280000    2.530000 1
   24.640000    8.800000    2.530000 1
   24.640000   12.320000    2.530000 1
   24.640000   15.840000    2.530000 1
   24.640000   19.360000    2.530000 1
   24.640000   22.880000    2.530000 1
   24.640000   26.400000    2.530000 1
   24.640000   29.920000    2.530000 1
   24.640000   33.440000    2.530000 1
   24.640000   36.960000    2.530000 1
   24.640000   40.480000    2.530000 1
   26.400000    0.000000    2.530000 1
   26.400000    3.520000    2.530000 1
   26.400000    7.040000    2.530000 1
   26.400000   10.560000    2.530000 1
   26.400000   14.080000    2.530000 1
   26.400000   17.600000    2.530000 1
   26.400000   21.120000    2.530000 1
   26.400000   24.640000    2.530000 1
   26.400000   28.160000    2.530000 1
   26.400000   31.680000    2.530000 1
   26.400000   35.200000    2.530000 1
   26.400000   38.720000    2.530000 1
   28.160000    1.760000    2.530000 1
   28.160000    5.280000    2.530000 1
   28.160000    8.800000    2.530000 1
   28.160000   12.320000    2.530000 1
   28.160000   15.840000    2.530000 1
   28.160000   19.360000    2.530000 1
   28.160000   22.880000    2.530000 1
   28.160000   26.400000    2.530000 1
   28.160000   29.920000    2.530000 1
   28.160000   33.440000    2.530000 1
   28.160000   36.960000    2.530000 1
   28.160000   40.480000    2.530000 1
   29.920000    0.000000    2.530000 1
   29.920000    3.520000    2.530000 1
   29.920000    7.040000    2.530000 1
   29.920000   10.560000    2.530000 1
   29.920000   14.080000    2.530000 1
   29.920000   17.600000    2.530000 1
   29.920000   21.120000    2.530000 1
   29.920000   24.640000    2.530000 1
   29.920000   28.160000    2.530000 1
   29.920000   31.680000    2.530000 1
   29.920000   35.200000    2.530000 1
   29.920000   38.720000    2.530000 1
   31.680000    1.760000    2.530000 1
   31.680000    5.280000    2.530000 1
   31.680000    8.800000    2.530000 1
   31.680000   12.320000    2.530000 1
   31.680000   15.840000    2.530000 1
   31.680000   19.360000    2.530000 1
   31.680000   22.880000    2.530000 1
   31.680000   26.400000    2.530000 1
   31.680000   29.920000    2.530000 1
   31.680000   33.440000    2.530000 1
   31.680000   36.960000    2.530000 1
   31.680000   40.480000    2.530000 1
   33.440000    0.000000    2.530000 1
   33.440000    3.520000    2.530000 1
   33.440000    7.040000    2.530000 1
   33.440000   10.560000    2.530000 1
   33.440000   14.080000    2.530000 1
   33.440000   17.600000    2.530000 1
   33.440000   21.120000    2.530000 1
   33.440000   24.640000    2.530000 1
   33.440000   28.160000    2.530000 1
   33.440000   31.680000    2.530000 1
   33.440000   35.200000    2.530000 1
   33.440000   38.720000    2.530000 1
   35.200000    1.760000    2.530000 1
   35.200000    5.280000    2.530000 1
   35.200000    8.800000    2.530000 1
   35.200000   12.320000    2.530000 1
   35.200000   15.840000    2.530000 1
   35.200000   19.360000    2.530000 1
   35.200000   22.880000    2.530000 1
   35.200000   26.400000    2.530000 1
   35.200000   29.920000    2.530000 1
   35.200000   33.440000    2.530000 1
   35.200000   36.960000    2.530000 1
   35.200000   40.480000    2.530000 1
   36.960000    0.000000    2.530000 1
   36.960000    3.520000    2.530000 1
   36.960000    7.040000    2.530000 1
   36.960000   10.560000    2.530000 1
   36.960000   14.080000    2.530000 1
   36.960000   17.600000    2.530000 1
   36.960000   21.120000    2.530000 1
   36.960000   24.640000    2.530000 1
   36.960000   28.160000    2.530000 1
   36.960000   31.680000    2.530000 1
   36.960000   35.200000    2.530000 1
   36.960000   38.720000    2.530000 1
   38.720000    1.760000    2.530000 1
   38.720000    5.280000    2.530000 1
   38.720000    8.800000    2.530000 1
   38.720000   12.320000    2.530000 1
   38.720000   15.840000    2.530000 1
   38.720000   19.360000    2.530000 1
   38.720000   22.880000    2.530000 1
   38.720000   26.400000    2.530000 1
   38.720000   29.920000    2.530000 1
   38.720000   33.440000    2.530000 1
   38.720000   36.960000    2.530000 1
   38.720000   40.480000    2.530000 1
   40.480000    0.000000    2.530000 1
   40.480000    3.520000    2.530000 1
   40.480000    7.040000    2.530000 1
   40.480000   10.560000    2.530000 1
   40.480000   14.080000    2.530000 1
   40.480000   17.600000    2.530000 1
   40.480000   21.120000    2.530000 1
   40.480000   24.640000    2.530000 1
   40.480000   28.160000    2.530000 1
   40.480000   31.680000    2.530000 1
   40.480000   35.200000    2.530000 1
   40.480000   38.720000    2.530000 1
    0.000000    0.000000    0.770000 1
    0.000000    3.520000    0.770000 1
    0.000000    7.040000    0.770000 1
    0.000000   10.560000    0.770000 1
    0.000000   14.080000    0.770000 1
    0.000000   17.600000    0.770000 1
    0.000000   21.120000    0.770000 1
    0.000000   24.640000    0.770000 1
    0.000000   28.160000    0.770000 1
    0.000000   31.680000    0.770000 1
    0.000000   35.200000    0.770000 1
    0.000000   38.720000    0.770000 1
    1.760000    1.760000    0.770000 1
    1.760000    5.280000    0.770000 1
    1.760000    8.800000    0.770000 1
    1.760000   12.320000    0.770000 1
    1.760000   15.840000    0.770000 1
    1.760000   19.360000    0.770000 1
    1.760000   22.880000    0.770000 1
    1.760000   26.400000    0.770000 1
    1.760000   29.920000    0.770000 1
    1.760000   33.440000    0.770000 1
    1.760000   36.960000    0.770000 1
    1.760000   40.480000    0.770000 1
    3.520000    0.000000    0.770000 1
    3.520000    3.520000    0.770000 1
    3.520000    7.040000    0.770000 1
    3.520000   10.560000    0.770000 1
    3.520000   14.080000    0.770000 1
    3.520000   17.600000    0.770000 1
    3.520000   21.120000    0.770000 1
    3.520000   24.640000    0.770000 1
    3.520000   28.160000    0.770000 1
    3.520000   31.680000    0.770000 1
    3.520000   35.200000    0.770000 1
    3.520000   38.720000    0.770000 1
    5.280000    1.760000    0.770000 1
    5.280000    5.280000    0.770000 1
    5.280000    8.800000    0.770000 1
    5.280000   12.320000    0.770000 1
    5.280000   15.840000    0.770000 1
    5.280000   19.360000    0.770000 1
    5.280000   22.880000    0.770000 1
    5.280000   26.400000    0.770000 1
    5.280000   29.920000    0.770000 1
    5.280000   33.440000    0.770000 1
    5.280000   36.960000    0.770000 1
    5.280000   40.480000    0.770000 1
    7.040000    0.000000    0.770000 1
    7.040000    3.520000    0.770000 1
    7.040000    7.040000    0.770000 1
    7.040000   10.560000    0.770000 1
    7.040000   14.080000    0.770000 1
    7.040000   17.600000    0.770000 1
    7.040000   21.120000    0.770000 1
    7.040000   24.640000    0.770000 1
    7.040000   28.160000    0.770000 1
    7.040000   31.680000    0.770000 1
    7.040000   35.200000    0.770000 1
    7.040000   38.720000    0.770000 1
    8.800000    1.760000    0.770000 1
    8.800000    5.280000    0.770000 1
    8.800000    8.800000    0.770000 1
    8.800000   12.320000    0.770000 1
    8.800000   15.840000    0.770000 1
    8.800000   19.360000    0.770000 1
    8.800000   22.880000    0.770000 1
    8.800000   26.400000    0.770000 1
    8.800000   29.920000    0.770000 1
    8.800000   33.440000    0.770000 1
    8.800000   36.960000    0.770000 1
    8.800000   40.480000    0.770000 1
   10.560000    0.000000    0.770000 1
   10.560000    3.520000    0.770000 1
   10.560000    7.040000    0.770000 1
   10.560000   10.560000    0.770000 1
   10.560000   14.080000    0.770000 1
   10.560000   17.600000    0.770000 1
   10.560000   21.120000    0.770000 1
   10.560000   24.640000    0.770000 1
   10.560000   28.160000    0.770000 1
   10.560000   31.680000    0.770000 1
   10.560000   35.200000    0.770000 1
   10.560000   38.720000    0.770000 1
   12.320000    1.760000    0.770000 1
   12.320000    5.280000    0.770000 1
   12.320000    8.800000    0.770000 1
   12.320000   12.320000    0.770000 1
   12.320000   15.840000    0.770000 1
   12.320000   19.360000    0.770000 1
   12.320000   22.880000    0.770000 1
   12.320000   26.400000    0.770000 1
   12.320000   29.920000    0.770000 1
   12.320000   33.440000    0.770000 1
   12.320000   36.960000    0.770000 1
   12.320000   40.480000    0.770000 1
   14.080000    0.000000    0.770000 1
   14.080000    3.520000    0.770000 1
   14.080000    7.040000    0.770000 1
   14.080000   10.560000    0.770000 1
   14.080000   14.080000    0.770000 1
   14.080000   17.600000    0.770000 1
   14.080000   21.120000    0.770000 1
   14.080000   24.640000    0.770000 1
   14.080000   28.160000    0.770000 1
   14.080000   31.680000    0.770000 1
   14.080000   35.200000    0.770000 1
   14.080000   38.720000    0.770000 1
   15.840000    1.760000    0.770000 1
   15.840000    5.280000    0.770000 1
   15.840000    8.800000    0.770000 1
   15.840000   12.320000    0.770000 1
   15.840000   15.840000    0.770000 1
   15.840000   19.360000    0.770000 1
   15.840000   22.880000    0.770000 1
   15.840000   26.400000    0.770000 1
   15.840000   29.920000    0.770000 1
   15.840000   33.440000    0.770000 1
   15.840000   36.960000    0.770000 1
   15.840000   40.480000    0.770000 1
   17.600000    0.000000    0.770000 1
   17.600000    3.520000    0.770000 1
   17.600000    7.040000    0.770000 1
   17.600000   10.560000    0.770000 1
   17.600000   14.080000    0.770000 1
   17.600000   17.600000    0.770000 1
   17.600000   21.120000    0.770000 1
   17.600000   24.640000    0.770000 1
   17.600000   28.160000    0.770000 1
   17.600000   31.680000    0.770000 1
   17.600000   35.200000    0.770000 1
   17.600000   38.720000    0.770000 1
   19.360000    1.760000    0.770000 1
   19.360000    5.280000    0.770000 1
   19.360000    8.800000    0.770000 1
   19.360000   12.320000    0.770000 1
   19.360000   15.840000    0.770000 1
   19.360000   19.360000    0.770000 1
   19.360000   22.880000    0.770000 1
   19.360000   26.400000    0.770000 1
   19.360000   29.920000    0.770000 1
   19.360000   33.440000    0.770000 1
   19.360000   36.960000    0.770000 1
   19.360000   40.480000    0.770000 1
   21.120000    0.000000    0.770000 1
   21.120000    3.520000    0.770000 1
   21.120000    7.040000    0.770000 1
   21.120000   10.560000    0.770000 1
   21.120000   14.080000    0.770000 1
   21.120000   17.600000    0.770000 1
   21.120000   21.120000    0.770000 1
   21.120000   24.640000    0.770000 1
   21.120000   28.160000    0.770000 1
   21.120000   31.680000    0.770000 1
   21.120000   35.200000    0.770000 1
   21.120000   38.720000    0.770000 1
   22.880000    1.760000    0.770000 1
   22.880000    5.280000    0.770000 1
   22.880000    8.800000    0.770000 1
   22.880000   12.320000    0.770000 1
   22.880000   15.840000    0.770000 1
   22.880000   19.360000    0.770000 1
   22.880000   22.880000    0.770000 1
   22.880000   26.400000    0.770000 1
   22.880000   29.920000    0.770000 1
   22.880000   33.440000    0.770000 1
   22.880000   36.960000    0.770000 1
   22.880000   40.480000    0.770000 1
   24.640000    0.000000    0.770000 1
   24.640000    3.520000    0.770000 1
   24.640000    7.040000    0.770000 1
   24.640000   10.560000    0.770000 1
   24.640000   14.080000    0.770000 1
   24.640000   17.600000    0.770000 1
   24.640000   21.120000    0.770000 1
   24.640000   24.640000    0.770000 1
   24.640000   28.160000    0.770000 1
   24.640000   31.680000    0.770000 1
   24.640000   35.200000    0.770000 1
   24.640000   38.720000    0.770000 1
   26.400000    1.760000    0.770000 1
   26.400000    5.280000    0.770000 1
   26.400000    8.800000    0.770000 1
   26.400000   12.320000    0.770000 1
   26.400000   15.840000    0.770000 1
   26.400000   19.360000    0.770000 1
   26.400000   22.880000    0.770000 1
   26.400000   26.400000    0.770000 1
   26.400000   29.920000    0.770000 1
   26.400000   33.440000    0.770000 1
   26.400000   36.960000    0.770000 1
   26.400000   40.480000    0.770000 1
   28.160000    0.000000    0.770000 1
   28.160000    3.520000    0.770000 1
   28.160000    7.040000    0.770000 1
   28.160000   10.560000    0.770000 1
   28.160000   14.080000    0.770000 1
   28.160000   17.600000    0.770000 1
   28.160000   21.120000    0.770000 1
   28.160000   24.640000    0.770000 1
   28.160000   28.160000    0.770000 1
   28.160000   31.680000    0.770000 1
   28.160000   35.200000    0.770000 1
   28.160000   38.720000    0.770000 1
   29.920000    1.760000    0.770000 1
   29.920000    5.280000    0.770000 1
   29.920000    8.800000    0.770000 1
   29.920000   12.320000    0.770000 1
   29.920000   15.840000    0.770000 1
   29.920000   19.360000    0.770000 1
   29.920000   22.880000    0.770000 1
   29.920000   26.400000    0.770000 1
   29.920000   29.920000    0.770000 1
   29.920000   33.440000    0.770000 1
   29.920000   36.960000    0.770000 1
   29.920000   40.480000    0.770000 1
   31.680000    0.000000    0.770000 1
   31.680000    3.520000    0.770000 1
   31.680000    7.040000    0.770000 1
   31.680000   10.560000    0.770000 1
   31.680000   14.080000    0.770000 1
   31.680000   17.600000    0.770000 1
   31.680000   21.120000    0.770000 1
   31.680000   24.640000    0.770000 1
   31.680000   28.160000    0.770000 1
   31.680000   31.680000    0.770000 1
   31.680000   35.200000    0.770000 1
   31.680000   38.720000    0.770000 1
   33.440000    1.760000    0.770000 1
   33.440000    5.280000    0.770000 1
   33.440000    8.800000    0.770000 1
   33.440000   12.320000    0.770000 1
   33.440000   15.840000    0.770000 1
   33.440000   19.360000    0.770000 1
   33.440000   22.880000    0.770000 1
   33.440000   26.400000    0.770000 1
   33.440000   29.920000    0.770000 1
   33.440000   33.440000    0.770000 1
   33.440000   36.960000    0.770000 1
   33.440000   40.480000    0.770000 1
   35.200000    0.000000    0.770000 1
   35.200000    3.520000    0.770000 1
   35.200000    7.040000    0.770000 1
   35.200000   10.560000    0.770000 1
   35.200000   14.080000    0.770000 1
   35.200000   17.600000    0.770000 1
   35.200000   21.120000    0.770000 1
   35.200000   24.640000    0.770000 1
   35.200000   28.160000    0.770000 1
   35.200000   31.680000    0.770000 1
   35.200000   35.200000    0.770000 1
   35.200000   38.720000    0.770000 1
   36.960000    1.760000    0.770000 1
   36.960000    5.280000    0.770000 1
   36.960000    8.800000    0.770000 1
   36.960000   12.320000    0.770000 1
   36.960000   15.840000    0.770000 1
   36.960000   19.360000    0.770000 1
   36.960000   22.880000    0.770000 1
   36.960000   26.400000    0.770000 1
   36.960000   29.920000    0.770000 1
   36.960000   33.440000    0.770000 1
   36.960000   36.960000    0.770000 1
   36.960000   40.480000    0.770000 1
   38.720000    0.000000    0.770000 1
   38.720000    3.520000    0.770000 1
   38.720000    7.040000    0.770000 1
   38.720000   10.560000    0.770000 1
   38.720000   14.080000    0.770000 1
   38.720000   17.600000    0.770000 1
   38.720000   21.120000    0.770000 1
   38.720000   24.640000    0.770000 1
   38.720000   28.160000    0.770000 1
   38.720000   31.680000    0.770000 1
   38.720000   35.200000    0.770000 1
   38.720000   38.720000    0.770000 1
   40.480000    1.760000    0.770000 1
   40.480000    5.280000    0.770000 1
   40.480000    8.800000    0.770000 1
   40.480000   12.320000    0.770000 1
   40.480000   15.840000    0.770000 1
   40.480000   19.360000    0.770000 1
   40.480000   22.880000    0.770000 1
   40.480000   26.400000    0.770000 1
   40.480000   29.920000    0.770000 1
   40.480000   33.440000    0.770000 1
   40.480000   36.960000    0.770000 1
   40.480000   40.480000    0.770000 1
